# Created by Octave 4.2.1, Tue Nov 07 15:50:21 2017 GMT <unknown@unknown>
# name: v
# type: matrix
# rows: 10
# columns: 1
 1235
 3413
 4654
 682
 12164
 46475
 46852
 46
 456
 468


